%YAML:1.0

cam0:
  T_imu_cam: #rotation from camera to IMU R_CtoI, position of camera in IMU p_CinI
    - [0.0846984032, -0.4777027872, 0.8744290866, 0.1722393211]
    - [-0.9964066341, -0.0406065776, 0.0743298416, 0.0007868795]
    - [0.0000000000, -0.8775825619, -0.4794255386, -0.0194303164]
    - [0.0, 0.0, 0.0, 1.0]
  cam_overlaps: []
  camera_model: pinhole
  distortion_coeffs: [0.0, 0.0, 0.0, 0.0]
  distortion_model: radtan
  intrinsics: [1397.22, 1397.22, 600.0, 360.0] #fu, fv, cu, cv
  resolution: [1200, 720]
  rostopic: /camera
cam1:
  T_imu_cam: #rotation from camera to IMU R_CtoI, position of camera in IMU p_CinI
    - [0.0125552670891, -0.999755099723, 0.0182237714554, -0.0198435579556]
    - [0.999598781151, 0.0130119051815, 0.0251588363115, 0.0453689425024]
    - [-0.0253898008918, 0.0179005838253, 0.999517347078, 0.00786212447038]
    - [0.0, 0.0, 0.0, 1.0]
  cam_overlaps: [0]
  camera_model: pinhole
  distortion_coeffs: [-0.28368365,0.07451284,-0.00010473,-3.55590700e-05]
  distortion_model: radtan
  intrinsics: [457.587, 456.134, 379.999, 255.238] #fu, fv, cu, cv
  resolution: [752, 480]
  rostopic: /cam1/image_raw
